
x = [51	0	1	0;
     51	0	1	0;
     51	1	0	0;
     0	1	51	1;
     51	1	0	1;
     51	0	1	0;
     1	1	51	1;
     1	0	51	1;
     1	0	51	1;
     1	1	51	1;
     1	1	51	1;
     1	1	51	0;
     1	1	51	0;
     1	1	51	0;
     0	1	51	0;
     51	1	0	0];
